0 0.81171875 0.1703125 0.096875 0.340625
0 0.6140625 0.2703125 0.1703125 0.52109375
0 0.675 0.2484375 0.1390625 0.49609375
0 0.72578125 0.209375 0.0921875 0.41875
0 0.36015625 0.38359375 0.11875 0.3390625
0 0.48671875 0.43671875 0.1453125 0.3640625
0 0.28046875 0.1859375 0.08125 0.253125
1 0.24296875 0.65078125 0.24375 0.2640625
1 0.10625 0.675 0.0578125 0.371875
1 0.2375 0.31015625 0.1171875 0.31875
1 0.23984375 0.175 0.059375 0.1421875
1 0.15546875 0.35625 0.10859375 0.20625
1 0.0625 0.41328125 0.06484375 0.1453125
1 0.0359375 0.5546875 0.05390625 0.16953125