1 0.82265625 0.5109375 0.1765625 0.79765625
0 0.67109375 0.0984375 0.1015625 0.19609375
0 0.46796875 0.42890625 0.1515625 0.31015625
0 0.36875 0.37421875 0.1296875 0.26328125
0 0.29296875 0.31796875 0.05546875 0.23203125
1 0.225 0.2359375 0.07421875 0.2640625
0 0.11015625 0.378125 0.09609375 0.2
0 0.06484375 0.415625 0.06953125 0.196875
0 0.04375 0.53984375 0.0875 0.3515625
1 0.1328125 0.684375 0.0953125 0.24140625
1 0.08125 0.54375 0.05390625 0.19453125
1 0.171875 0.60625 0.15546875 0.32890625
1 0.24140625 0.15625 0.03984375 0.0890625
1 0.01953125 0.3515625 0.0296875 0.09921875