0 0.58984375 0.6625 0.22109375 0.61953125
0 0.89453125 0.63125 0.15703125 0.63515625
1 0.7671875 0.39453125 0.11953125 0.6078125
0 0.8 0.10390625 0.08359375 0.16875
0 0.47109375 0.24765625 0.07109375 0.240625
0 0.37109375 0.16875 0.06171875 0.0984375
0 0.4390625 0.47109375 0.1046875 0.2609375
0 0.346875 0.37421875 0.07734375 0.1484375
1 0.2734375 0.3234375 0.0625 0.14609375
0 0.23203125 0.27890625 0.021875 0.146875
1 0.21640625 0.5828125 0.1265625 0.27265625
1 0.13984375 0.58125 0.040625 0.184375
1 0.0890625 0.521875 0.0296875 0.17109375
1 0.03125 0.428125 0.0546875 0.209375
0 0.08125 0.35078125 0.06328125 0.15390625
0 0.14921875 0.24609375 0.05703125 0.128125
0 0.12734375 0.30625 0.0375 0.1375