0 0.55 0.34140625 0.1109375 0.51015625
0 0.48515625 0.29765625 0.07109375 0.48203125
0 0.38203125 0.39453125 0.10703125 0.24453125
1 0.17578125 0.68671875 0.06953125 0.1640625
1 0.109375 0.62734375 0.06796875 0.25546875
1 0.08828125 0.51015625 0.04921875 0.1296875
0 0.2765625 0.32734375 0.06484375 0.1953125
0 0.21015625 0.30703125 0.0671875 0.17890625
0 0.2765625 0.17890625 0.053125 0.12578125
0 0.32734375 0.17265625 0.05703125 0.090625
1 0.34296875 0.24765625 0.04765625 0.084375
0 0.3875 0.2421875 0.053125 0.14296875