1 0.715625 0.51796875 0.2125 0.815625
1 0.26953125 0.66953125 0.1921875 0.4265625
1 0.1296875 0.65546875 0.08984375 0.33984375
1 0.071875 0.43671875 0.0765625 0.1640625
1 0.05078125 0.5265625 0.04765625 0.15625
1 0.06796875 0.6234375 0.0421875 0.23203125
1 0.23203125 0.23125 0.05859375 0.234375
1 0.26796875 0.28515625 0.04296875 0.2796875
1 0.31875 0.2875 0.084375 0.2734375
0 0.36484375 0.39453125 0.128125 0.2984375
0 0.478125 0.4203125 0.1390625 0.315625
0 0.8140625 0.1625 0.059375 0.325
0 0.728125 0.1546875 0.09296875 0.3046875
0 0.59375 0.271875 0.13359375 0.52421875
0 0.6828125 0.12109375 0.1390625 0.2375