0 0.80234375 0.43828125 0.13046875 0.7515625
0 0.553125 0.33984375 0.15390625 0.6046875
0 0.46328125 0.4421875 0.16875 0.346875
0 0.3546875 0.37734375 0.11796875 0.30078125
0 0.26875 0.3375 0.09296875 0.25234375
0 0.1890625 0.31875 0.084375 0.19921875
0 0.365625 0.24140625 0.075 0.16953125
1 0.1875 0.20234375 0.05 0.1296875
1 0.24296875 0.16171875 0.05625 0.115625
1 0.3390625 0.15234375 0.07890625 0.13203125
1 0.028125 0.4921875 0.05625 0.240625
1 0.16484375 0.67265625 0.12734375 0.2578125
1 0.103125 0.47421875 0.053125 0.1296875
1 0.09140625 0.66484375 0.05 0.2765625