1 0.915625 0.6921875 0.16875 0.61484375
1 0.70625 0.5921875 0.22890625 0.76953125
1 0.5359375 0.33828125 0.15703125 0.5265625
1 0.453125 0.26640625 0.1203125 0.35625
1 0.253125 0.2609375 0.1 0.2828125
1 0.25625 0.15859375 0.06640625 0.15625
1 0.25234375 0.671875 0.18125 0.43125
1 0.13125 0.6765625 0.09921875 0.346875
1 0.08359375 0.4578125 0.12890625 0.23046875
1 0.0546875 0.54453125 0.05625 0.2359375
0 0.35 0.38671875 0.10078125 0.2796875
0 0.45078125 0.446875 0.16796875 0.275
0 0.6234375 0.14921875 0.10234375 0.29765625
0 0.71953125 0.22421875 0.1125 0.42890625
0 0.81328125 0.1640625 0.0828125 0.328125