0 0.92421875 0.7171875 0.12109375 0.565625
0 0.80625 0.23828125 0.0984375 0.45703125
0 0.6609375 0.2734375 0.12734375 0.49921875
1 0.46015625 0.24453125 0.0953125 0.1984375
0 0.58046875 0.6046875 0.225 0.39140625
0 0.43203125 0.4234375 0.10703125 0.20234375
0 0.334375 0.3453125 0.06015625 0.153125
1 0.29375 0.3140625 0.05546875 0.2125
0 0.2484375 0.29921875 0.05234375 0.171875
0 0.03359375 0.5765625 0.0671875 0.309375
0 0.05859375 0.3640625 0.08671875 0.14375
1 0.08828125 0.48125 0.0359375 0.128125
1 0.1265625 0.60078125 0.05390625 0.21484375
1 0.221875 0.615625 0.1625 0.334375