0 0.8890625 0.54765625 0.1265625 0.80859375
0 0.5875 0.62265625 0.19296875 0.684375
0 0.4125 0.428125 0.134375 0.221875
0 0.3359375 0.40234375 0.06328125 0.1890625
0 0.4046875 0.303125 0.0671875 0.15234375
1 0.28515625 0.28828125 0.05625 0.1765625
0 0.2359375 0.27265625 0.0453125 0.15390625
1 0.09140625 0.36484375 0.06171875 0.2203125
1 0.0953125 0.45625 0.03046875 0.13359375
1 0.1359375 0.578125 0.06484375 0.1625
1 0.234375 0.58671875 0.1015625 0.3703125
0 0.75078125 0.21484375 0.11953125 0.3890625
0 0.803125 0.10390625 0.071875 0.2078125
0 0.671875 0.0921875 0.03828125 0.184375