0 0.89140625 0.49921875 0.12421875 0.7203125
0 0.6125 0.615625 0.2265625 0.67890625
0 0.42265625 0.4140625 0.1140625 0.225
0 0.346875 0.36875 0.10703125 0.23984375
0 0.415625 0.271875 0.08828125 0.13671875
1 0.28515625 0.3453125 0.0515625 0.24921875
0 0.2375 0.31640625 0.0546875 0.26015625
1 0.225 0.6328125 0.08828125 0.36484375
1 0.13828125 0.61796875 0.05 0.253125
1 0.10234375 0.49375 0.0375 0.1609375
1 0.0375 0.49921875 0.0578125 0.33203125
0 0.72421875 0.11328125 0.0609375 0.2140625
0 0.80234375 0.1515625 0.08046875 0.29765625