0 0.90859375 0.60234375 0.13046875 0.7078125
0 0.61328125 0.578125 0.16484375 0.6625
0 0.434375 0.434375 0.09609375 0.19921875
0 0.38359375 0.2765625 0.0484375 0.0953125
0 0.34765625 0.37890625 0.0765625 0.16640625
1 0.2828125 0.31328125 0.06640625 0.1828125
0 0.2375 0.3 0.04453125 0.2203125
0 0.7109375 0.1734375 0.11015625 0.33359375
0 0.825 0.15859375 0.0828125 0.31640625
1 0.16640625 0.5921875 0.1140625 0.209375
1 0.0890625 0.53125 0.03828125 0.196875
0 0.10703125 0.34609375 0.0578125 0.17890625
0 0.04609375 0.3765625 0.046875 0.184375
0 0.03671875 0.6046875 0.0546875 0.2625