0 0.85390625 0.56171875 0.10703125 0.75859375
0 0.9640625 0.56875 0.05 0.8625
0 0.4734375 0.43046875 0.13828125 0.3203125
0 0.43125 0.2359375 0.07421875 0.134375
0 0.35625 0.39609375 0.0796875 0.18515625
1 0.28125 0.30625 0.059375 0.153125
0 0.24140625 0.26953125 0.04140625 0.11640625
1 0.13984375 0.63671875 0.09453125 0.27109375
1 0.08671875 0.5125 0.04609375 0.140625
0 0.14296875 0.37578125 0.08671875 0.2765625
0 0.08671875 0.3296875 0.04765625 0.10625
0 0.0375 0.3765625 0.04765625 0.15
0 0.03828125 0.6390625 0.0734375 0.27578125