0 0.809375 0.60859375 0.19609375 0.73125
0 0.57734375 0.50546875 0.16484375 0.775
0 0.81640625 0.2140625 0.1015625 0.41875
0 0.6546875 0.2984375 0.12265625 0.57734375
1 0.29453125 0.3390625 0.1046875 0.25859375
0 0.209375 0.29609375 0.084375 0.196875
0 0.2921875 0.19375 0.0921875 0.18671875
1 0.18515625 0.71640625 0.1765625 0.2984375
1 0.0578125 0.73125 0.11015625 0.39765625
1 0.09453125 0.634375 0.0734375 0.325
0 0.68203125 0.0640625 0.0515625 0.1234375
0 0.0203125 0.46171875 0.03671875 0.16015625
1 0.05078125 0.52578125 0.0265625 0.0921875