1 0.675 0.6125 0.21875 0.70703125
1 0.396875 0.45390625 0.1765625 0.3046875
1 0.42890625 0.3203125 0.13203125 0.271875
1 0.209375 0.7203125 0.19375 0.278125
1 0.1015625 0.515625 0.07890625 0.14296875
1 0.103125 0.653125 0.03828125 0.190625
1 0.08046875 0.35 0.06328125 0.16796875
0 0.0453125 0.4953125 0.08046875 0.328125
0 0.07734375 0.390625 0.053125 0.146875
0 0.215625 0.32421875 0.09453125 0.27578125
0 0.675 0.103125 0.06171875 0.2015625
0 0.740625 0.12578125 0.07109375 0.25078125
0 0.81875 0.11875 0.09453125 0.23671875