1 0.71640625 0.17421875 0.10859375 0.3484375
0 0.65625 0.303125 0.15703125 0.59375
0 0.471875 0.43671875 0.16953125 0.31015625
0 0.3609375 0.38671875 0.13203125 0.33828125
0 0.1046875 0.36875 0.0625 0.2125
0 0.175 0.28828125 0.0828125 0.14140625
1 0.2296875 0.190625 0.059375 0.1375
1 0.271875 0.14140625 0.07890625 0.14453125
1 0.13515625 0.6671875 0.0859375 0.22265625
1 0.046875 0.61015625 0.03671875 0.20234375
1 0.084375 0.63125 0.03203125 0.26875
1 0.1046875 0.52578125 0.11328125 0.3265625
0 0.034375 0.37890625 0.0390625 0.115625
0 0.02890625 0.5265625 0.05078125 0.28515625