1 0.26875 0.665625 0.225 0.415625
1 0.1296875 0.684375 0.07890625 0.38515625
1 0.0765625 0.6578125 0.05390625 0.26953125
1 0.24765625 0.2234375 0.128125 0.2421875
1 0.0703125 0.515625 0.053125 0.11484375
1 0.07578125 0.48984375 0.08515625 0.25859375
1 0.68671875 0.5859375 0.15546875 0.71328125
1 0.7484375 0.42109375 0.1453125 0.5953125
1 0.61328125 0.32265625 0.10625 0.4921875
0 0.81875 0.1546875 0.07265625 0.309375
0 0.70546875 0.19609375 0.13125 0.3671875
0 0.6 0.25546875 0.10859375 0.4671875
0 0.47421875 0.47421875 0.16953125 0.34140625
0 0.3703125 0.440625 0.165625 0.28125
0 0.72421875 0.05390625 0.05390625 0.1078125