0 0.690625 0.61875 0.1796875 0.64140625
0 0.553125 0.4765625 0.1546875 0.41640625
0 0.44921875 0.36484375 0.090625 0.2546875
0 0.38984375 0.39765625 0.1140625 0.2390625
0 0.44296875 0.19453125 0.109375 0.228125
1 0.209375 0.30625 0.07578125 0.196875
1 0.30390625 0.31015625 0.059375 0.27578125
0 0.11640625 0.35078125 0.08671875 0.26640625
0 0.05625 0.4421875 0.0671875 0.19921875
0 0.03125 0.51484375 0.05859375 0.3515625
1 0.15 0.6328125 0.1046875 0.31875
1 0.08203125 0.61796875 0.0578125 0.2421875