0 0.82890625 0.1625 0.075 0.325
0 0.68046875 0.24296875 0.1453125 0.4859375
0 0.5921875 0.27734375 0.15390625 0.55078125
0 0.7328125 0.1515625 0.14375 0.303125
0 0.47890625 0.4484375 0.1765625 0.42265625
0 0.36796875 0.3765625 0.12890625 0.36875
1 0.25 0.25 0.0984375 0.3078125
1 0.15859375 0.3234375 0.1015625 0.265625
1 0.0453125 0.3765625 0.0703125 0.19296875
1 0.0375 0.61015625 0.059375 0.26484375
1 0.178125 0.7421875 0.17890625 0.34140625
1 0.08125 0.471875 0.0484375 0.125
1 0.140625 0.56484375 0.0953125 0.1859375