0 0.74765625 0.1421875 0.12109375 0.284375
0 0.56484375 0.3359375 0.17734375 0.5375
0 0.45625 0.43671875 0.159375 0.3359375
0 0.3625 0.3875 0.12421875 0.27421875
0 0.28515625 0.34609375 0.11015625 0.2328125
0 0.2828125 0.25859375 0.05859375 0.1640625
0 0.13046875 0.396875 0.11171875 0.26171875
0 0.16875 0.328125 0.08203125 0.24375
0 0.2140625 0.275 0.0703125 0.20546875
1 0.2328125 0.16328125 0.0390625 0.14140625
1 0.26484375 0.16484375 0.0421875 0.1015625
1 0.0953125 0.54296875 0.07734375 0.2046875
1 0.14921875 0.72734375 0.12734375 0.271875
1 0.1734375 0.1875 0.03359375 0.09296875