0 0.59921875 0.628125 0.2203125 0.62890625
0 0.76953125 0.4890625 0.121875 0.66875
0 0.4265625 0.44765625 0.11796875 0.29921875
0 0.35 0.38515625 0.08359375 0.1984375
1 0.31640625 0.2375 0.07109375 0.11796875
0 0.24609375 0.3046875 0.07109375 0.2453125
0 0.07890625 0.38203125 0.0546875 0.1765625
0 0.1109375 0.37265625 0.07421875 0.2046875
0 0.04765625 0.38984375 0.06484375 0.18515625
0 0.03125 0.48671875 0.05546875 0.2296875
0 0.025 0.59765625 0.034375 0.2828125
1 0.0796875 0.5234375 0.0453125 0.196875
1 0.15625 0.6328125 0.09453125 0.275
0 0.70859375 0.09609375 0.08046875 0.171875
0 0.771875 0.08984375 0.0375 0.159375
0 0.8265625 0.171875 0.08203125 0.3390625