0 0.671875 0.340625 0.11875 0.546875
0 0.03671875 0.51953125 0.071875 0.33828125
0 0.465625 0.44921875 0.14609375 0.35390625
1 0.4765625 0.28515625 0.13984375 0.33125
0 0.35625 0.3953125 0.1171875 0.3
1 0.14921875 0.5859375 0.16640625 0.303125
1 0.1484375 0.6640625 0.10859375 0.228125
0 0.28828125 0.34765625 0.06875 0.25703125
0 0.06875 0.36484375 0.06796875 0.1765625
0 0.13515625 0.37421875 0.10703125 0.25078125
1 0.196875 0.21953125 0.071875 0.2
1 0.23984375 0.1515625 0.06171875 0.14609375
1 0.3359375 0.17265625 0.084375 0.2625
0 0.67421875 0.0984375 0.07578125 0.1890625