1 0.5015625 0.33203125 0.1328125 0.50234375
1 0.9125 0.29375 0.11796875 0.39921875
1 0.40078125 0.36875 0.10625 0.34921875
1 0.0359375 0.534375 0.071875 0.309375
1 0.07421875 0.5921875 0.03515625 0.2375
1 0.12265625 0.64140625 0.06171875 0.3234375
1 0.16171875 0.7375 0.1 0.328125
0 0.68515625 0.49453125 0.1390625 0.7265625
0 0.82421875 0.49140625 0.128125 0.72734375
0 0.8875 0.73125 0.22421875 0.47265625
0 0.63828125 0.07421875 0.06640625 0.14765625
0 0.76484375 0.23203125 0.0921875 0.46328125
0 0.83125 0.10625 0.065625 0.2078125