0 0.61875 0.65390625 0.17421875 0.6921875
0 0.41328125 0.45546875 0.1390625 0.22109375
0 0.32734375 0.4109375 0.08515625 0.14375
0 0.40546875 0.30703125 0.08828125 0.1359375
1 0.2875 0.31953125 0.07890625 0.1796875
0 0.23515625 0.27734375 0.05078125 0.159375
1 0.05234375 0.39765625 0.06171875 0.2234375
1 0.08359375 0.51171875 0.040625 0.2171875
1 0.13984375 0.59453125 0.06953125 0.2109375
1 0.2546875 0.5953125 0.13515625 0.31640625
1 0.2640625 0.146875 0.075 0.08984375
0 0.746875 0.1375 0.06875 0.2390625
0 0.8140625 0.12578125 0.05625 0.2515625
0 0.6890625 0.075 0.059375 0.14921875
0 0.63984375 0.09765625 0.065625 0.17890625