0 0.8359375 0.4265625 0.12421875 0.621875
0 0.709375 0.2328125 0.10078125 0.465625
0 0.81171875 0.12265625 0.10234375 0.24453125
0 0.578125 0.6125 0.175 0.56328125
0 0.44375 0.43671875 0.09375 0.1734375
0 0.43046875 0.278125 0.090625 0.13359375
0 0.33359375 0.33828125 0.10078125 0.17890625
1 0.27421875 0.309375 0.05625 0.14375
0 0.2265625 0.28359375 0.0296875 0.125
1 0.0328125 0.4515625 0.065625 0.265625
1 0.0859375 0.48046875 0.05546875 0.1203125
1 0.25703125 0.59921875 0.19453125 0.29296875
1 0.125 0.6 0.05078125 0.178125