0 0.86171875 0.4609375 0.11484375 0.82265625
0 0.7015625 0.3015625 0.13046875 0.58359375
0 0.46171875 0.4453125 0.15859375 0.32578125
0 0.3546875 0.3984375 0.10078125 0.303125
0 0.2734375 0.3453125 0.09375 0.23125
0 0.1234375 0.37265625 0.0890625 0.21640625
1 0.16015625 0.28828125 0.06953125 0.134375
1 0.09140625 0.515625 0.10078125 0.17265625
1 0.14921875 0.7828125 0.14375 0.39140625
0 0.3 0.2078125 0.0734375 0.1609375
0 0.25546875 0.215625 0.05078125 0.1140625
1 0.225 0.1796875 0.0671875 0.1203125
1 0.16953125 0.2 0.05234375 0.109375