0 0.61015625 0.68125 0.18203125 0.5796875
0 0.4734375 0.45234375 0.09140625 0.3171875
0 0.5421875 0.2703125 0.0890625 0.2390625
0 0.4625 0.18828125 0.06953125 0.2265625
1 0.2875 0.34765625 0.07890625 0.2640625
1 0.3640625 0.3796875 0.09375 0.24296875
0 0.13359375 0.24453125 0.04453125 0.16015625
1 0.19296875 0.32421875 0.090625 0.17890625
1 0.1375 0.64140625 0.07265625 0.29921875
1 0.07734375 0.60625 0.05078125 0.21328125
0 0.071875 0.39921875 0.06796875 0.20390625
0 0.0328125 0.48671875 0.05859375 0.28359375
1 0.27109375 0.14296875 0.05390625 0.171875
1 0.22734375 0.17421875 0.0359375 0.171875