0 0.71328125 0.6140625 0.18515625 0.55078125
0 0.5421875 0.47109375 0.14140625 0.31875
0 0.384375 0.39609375 0.14140625 0.246875
0 0.43359375 0.2296875 0.0703125 0.27890625
0 0.51015625 0.26875 0.08125 0.1609375
1 0.30625 0.2078125 0.0578125 0.14453125
1 0.2703125 0.3265625 0.0890625 0.26953125
0 0.19375 0.34375 0.06484375 0.1734375
0 0.1296875 0.40546875 0.046875 0.19609375
0 0.09765625 0.28671875 0.04375 0.165625
0 0.0515625 0.43671875 0.07421875 0.24296875
1 0.134375 0.671875 0.07578125 0.33359375
1 0.0859375 0.578125 0.0375 0.15390625
1 0.221875 0.1515625 0.0359375 0.11875